Multible size <= 100
TEST 1 ARG:10 67 5 60 71 27 34 14 70 19 73 29 7 17 20 26 61 68 42 97 63 1 74 15 81 54 18 48 51 92 49 32 89 78 75 31 80 4 2 38 22 77 39 56 28 76 9 90 41 33 0 82 44 86 13 23 3 88 35 93 36 55 16 37 79 91 99 40 30 85 87 8 47 24 98 11 46 50 59 96 84 94 69 83 43 57 64 72 65 62 52 45 95 66 58 21 12 6 25 53
TEST 2 ARG:24 46 16 80 59 33 72 64 6 62 83 78 37 67 98 96 0 49 89 77 25 40 74 52 68 43 60 27 75 12 14 92 53 11 8 7 41 23 70 22 97 48 81 54 86 9 10 44 19 84 93 36 21 17 90 50 34 56 2 51 57 85 20 18 82 3 26 42 94 38 29 99 79 5 47 76 31 35 58 87 88 30 45 61 4 28 32 63 95 91 73 55 15 39 65 69 13 1 66 71
TEST 3 ARG:72 26 76 38 35 22 53 5 50 61 84 4 32 80 47 27 0 23 52 17 11 33 29 40 21 67 13 7 42 39 97 12 91 16 28 93 10 74 31 18 66 51 55 49 41 87 34 43 94 46 82 48 86 85 63 19 1 70 37 59 69 44 88 14 6 56 30 73 89 92 3 36 68 81 83 98 99 64 2 8 58 45 95 15 20 78 79 25 57 24 65 96 54 60 90 75 62 9 71 77
TEST 4 ARG:38 44 61 83 46 19 79 86 59 81 27 71 26 57 92 30 22 88 85 28 45 70 48 56 94 17 47 3 99 76 42 82 6 31 8 96 69 64 15 33 7 77 53 0 60 89 72 14 11 66 73 18 16 9 55 51 62 35 2 21 34 87 23 37 80 13 84 68 4 67 54 5 65 97 25 63 29 93 78 24 41 49 1 52 10 20 58 95 91 40 50 36 98 39 90 43 75 12 74 32
TEST 5 ARG:82 1 21 57 80 45 47 70 14 23 67 63 36 46 79 76 42 65 52 69 64 89 87 90 99 49 98 38 75 85 81 37 56 51 48 84 83 88 33 60 12 32 27 39 96 91 8 94 5 59 50 10 68 61 92 44 16 29 97 35 86 3 28 40 54 30 22 11 15 26 19 41 78 71 2 18 43 4 9 62 0 25 74 53 95 7 17 34 66 72 58 31 93 6 13 77 20 73 55 24
TEST 6 ARG:89 18 98 77 73 70 9 92 56 0 2 48 12 72 74 33 3 42 88 96 85 20 93 31 82 19 28 8 47 65 87 86 37 55 13 62 5 68 99 35 36 41 49 50 43 26 57 95 78 53 15 24 21 1 11 27 39 38 76 45 79 75 97 61 71 10 29 32 6 17 94 52 23 90 59 54 25 44 84 91 66 4 83 22 51 34 64 81 67 30 7 16 80 63 60 46 58 14 40 69
TEST 7 ARG:32 81 94 35 58 76 82 16 74 54 38 39 97 61 41 37 80 70 10 42 51 63 23 55 85 69 30 84 3 46 36 47 45 43 83 73 0 62 7 25 44 56 52 6 75 5 48 99 26 64 21 87 33 11 59 27 57 49 20 28 90 71 79 91 53 8 14 22 65 9 78 98 1 89 15 34 96 88 72 4 77 92 66 19 50 95 68 31 24 40 17 60 12 2 67 13 86 29 18 93
TEST 8 ARG:89 0 58 92 19 10 1 54 95 60 85 27 38 61 49 43 23 76 33 77 39 34 37 90 26 63 29 83 22 42 97 2 11 72 81 6 14 94 24 4 79 68 93 78 20 46 59 5 51 66 25 36 82 50 41 18 3 84 86 48 17 21 91 52 32 70 15 45 57 55 98 56 30 35 74 47 53 67 8 40 69 87 9 13 62 65 7 64 31 16 96 88 73 44 75 71 28 99 80 12
TEST 9 ARG:35 95 37 40 38 78 82 70 18 47 28 33 6 93 1 49 34 44 27 53 66 22 17 45 83 46 16 64 55 86 88 69 68 63 4 81 24 72 85 99 41 11 36 50 43 23 96 67 5 97 9 13 2 79 92 26 98 32 20 71 14 39 29 21 76 94 54 84 91 65 8 73 51 61 75 30 7 90 80 62 58 31 56 77 48 25 57 15 0 19 52 74 89 10 3 42 60 12 59 87
TEST 10 ARG:64 63 24 8 87 94 67 40 7 61 70 41 30 71 34 80 36 84 76 49 43 83 17 52 5 22 93 92 98 0 69 29 32 96 91 81 73 86 26 38 45 3 12 39 66 65 33 68 55 97 35 16 59 89 1 14 53 11 54 72 37 42 19 25 57 60 77 58 28 88 9 56 82 48 4 78 99 13 23 47 74 62 50 51 75 2 15 90 31 46 27 21 95 10 20 18 6 79 44 85
TEST 11 ARG:81 76 28 99 57 22 3 20 96 0 8 16 55 83 85 58 25 51 56 59 72 19 4 41 66 61 35 97 21 27 46 79 5 89 15 52 38 62 90 29 33 91 36 45 63 93 7 6 69 1 11 39 44 84 73 60 12 74 49 17 31 65 68 86 34 9 95 53 77 47 13 40 50 87 64 48 42 2 23 54 98 78 70 80 71 92 43 30 18 14 75 82 26 37 10 32 88 67 94 24
TEST 12 ARG:40 4 57 80 62 12 1 42 30 39 63 61 46 99 26 72 88 36 55 22 81 6 48 64 31 76 28 79 24 20 13 65 59 10 96 60 35 18 3 44 9 87 54 2 70 49 51 69 41 38 77 58 25 98 43 83 15 74 37 11 85 14 67 29 94 90 34 75 66 16 5 52 19 92 91 53 21 86 27 82 68 50 73 0 84 17 32 95 78 89 45 71 8 33 23 93 7 97 47 56
TEST 13 ARG:80 28 69 16 63 77 55 26 36 31 7 91 9 59 48 41 23 49 68 40 88 50 83 58 5 82 32 92 60 51 38 98 97 24 10 73 17 47 15 90 62 78 0 4 27 45 53 94 71 37 14 46 57 75 12 64 72 93 1 95 3 79 30 67 89 29 56 2 8 87 42 66 44 18 35 22 54 19 21 6 39 96 99 76 61 70 25 86 43 33 85 20 11 34 52 81 84 65 74 13
TEST 14 ARG:23 75 69 50 91 63 58 33 18 48 13 72 71 94 77 64 98 16 3 86 66 9 95 36 5 20 38 26 85 81 24 79 1 53 76 27 15 25 22 73 54 80 28 11 52 96 99 49 8 4 41 14 90 21 59 0 40 39 19 2 34 32 56 93 70 10 12 35 65 82 55 37 68 60 62 67 61 29 44 51 17 83 7 78 57 46 92 30 97 42 89 84 45 88 74 6 31 43 87 47
TEST 15 ARG:3 14 66 26 97 92 37 96 78 80 52 32 12 21 11 39 4 70 93 40 45 1 63 72 83 7 64 74 88 8 54 50 90 43 60 13 67 47 31 87 81 10 56 34 28 42 69 27 30 25 98 84 19 9 46 71 51 49 48 24 59 16 79 99 15 77 55 85 94 62 33 20 23 89 58 82 5 57 53 2 65 68 86 6 76 36 61 75 44 41 18 73 17 29 0 95 35 91 22 38
TEST 16 ARG:38 62 55 40 31 69 24 85 86 23 33 9 30 27 28 87 0 14 37 29 10 51 94 52 7 68 20 77 57 8 43 45 72 16 17 95 1 21 41 92 81 25 36 98 46 26 61 59 5 49 63 73 34 91 19 71 84 39 60 89 80 11 15 78 82 50 66 47 74 13 79 65 3 70 12 32 35 48 53 56 22 44 4 88 99 75 83 64 2 97 90 96 67 54 42 18 93 76 58 6
TEST 17 ARG:9 6 29 37 2 90 16 44 12 87 15 3 65 86 72 73 83 95 7 66 39 36 4 45 53 10 46 75 81 57 1 79 5 17 58 55 42 21 63 20 89 8 34 33 18 30 25 43 60 99 64 91 52 94 0 38 22 28 51 82 70 14 26 40 24 50 23 67 80 74 32 96 84 48 56 47 68 98 71 97 27 62 13 69 49 78 92 88 41 11 54 61 77 35 76 19 31 93 59 85
TEST 18 ARG:39 80 59 82 76 40 24 16 32 63 38 58 45 71 98 21 84 29 22 56 92 94 20 54 73 12 41 8 95 60 0 44 66 46 48 9 19 47 70 96 14 74 91 49 10 86 90 31 85 72 42 93 1 34 7 81 18 53 50 77 36 3 88 37 15 11 51 69 25 78 43 27 57 61 68 79 35 67 33 64 30 17 87 52 99 13 62 23 89 4 55 75 2 97 6 28 83 65 5 26
TEST 19 ARG:44 69 41 72 8 64 19 87 57 71 15 93 3 38 53 68 62 67 97 33 55 82 50 78 28 61 65 89 27 48 74 95 30 10 37 21 94 29 14 75 2 13 84 7 73 49 0 36 25 31 86 80 59 91 92 52 23 96 20 88 99 46 5 9 79 35 43 45 11 58 1 6 26 47 4 12 85 18 90 54 76 56 70 32 51 77 81 83 39 40 42 16 17 24 22 34 98 66 60 63
TEST 20 ARG:42 32 61 14 81 21 93 89 44 59 8 51 58 72 73 12 62 3 45 69 71 19 5 35 50 17 66 30 49 82 39 31 95 25 37 75 46 54 47 13 68 52 40 70 43 77 94 33 64 28 27 26 9 18 76 92 74 34 20 56 2 63 1 80 24 90 4 98 86 57 15 6 16 67 91 22 83 38 99 53 36 78 88 55 23 7 65 85 41 48 0 87 96 97 79 11 10 84 60 29
TEST 21 ARG:90 53 17 2 77 95 58 6 55 79 8 14 61 39 81 9 25 62 38 31 24 29 76 30 32 67 3 20 44 18 40 80 10 73 85 97 66 27 56 96 21 19 36 74 16 86 64 26 91 48 1 54 37 75 43 99 41 98 72 92 35 68 63 42 47 82 70 94 60 23 5 45 51 65 34 13 0 69 59 83 4 89 52 71 7 78 87 12 33 22 46 15 11 49 93 50 28 88 57 84
TEST 22 ARG:2 55 47 16 83 13 73 44 93 33 67 45 79 14 94 64 28 75 97 10 69 1 43 36 71 91 57 62 22 98 11 5 32 23 66 52 40 76 35 24 88 85 90 42 92 74 21 49 3 89 96 68 37 0 29 25 61 81 51 56 31 27 84 59 12 50 20 39 19 4 78 48 65 80 60 58 70 38 53 30 9 87 34 15 6 99 41 7 8 54 63 82 17 46 72 86 18 26 77 95
TEST 23 ARG:79 76 59 51 74 87 56 18 7 27 13 64 73 86 36 23 91 58 84 85 8 9 69 62 60 38 97 0 89 35 95 30 15 70 1 77 34 6 43 63 53 83 46 24 3 26 47 81 40 45 72 98 99 14 52 82 20 10 4 5 44 2 61 90 80 71 66 41 94 39 33 96 50 55 12 32 48 78 19 67 93 37 54 16 57 21 31 75 88 42 49 25 11 65 17 29 92 28 68 22
TEST 24 ARG:0 13 38 35 78 28 52 72 39 88 94 74 61 21 5 31 70 40 18 36 95 1 20 10 26 15 53 9 30 3 48 19 79 84 64 37 96 12 16 14 51 63 57 99 43 98 92 44 86 25 71 81 8 22 85 4 80 29 97 67 17 91 65 42 90 56 24 77 49 6 62 7 23 33 89 76 45 32 87 34 46 54 66 27 73 59 11 60 58 47 2 93 75 55 69 41 83 50 68 82
TEST 25 ARG:89 94 26 55 76 21 60 33 91 6 59 34 98 44 73 96 88 23 82 24 18 36 32 79 72 74 47 97 85 45 37 25 51 57 13 61 71 12 43 52 67 99 66 9 7 65 75 53 87 38 10 4 2 28 48 20 62 42 35 68 69 1 92 27 63 78 14 90 5 84 30 19 17 41 31 22 77 40 39 58 0 16 49 3 81 56 86 11 50 93 8 83 95 29 70 80 64 15 46 54
TEST 26 ARG:63 82 3 92 18 10 28 15 4 30 73 21 16 31 74 83 84 58 46 50 20 66 89 70 53 79 49 90 13 38 33 98 99 7 12 61 29 87 47 78 1 69 37 97 54 86 24 27 14 64 59 95 11 34 39 19 80 8 71 94 77 75 26 17 41 96 60 72 5 67 91 62 85 81 65 22 57 2 44 42 52 93 68 9 40 56 0 36 76 51 6 23 48 88 35 55 25 43 32 45
TEST 27 ARG:45 76 22 80 28 44 53 26 58 56 35 88 1 94 37 82 21 64 0 4 19 10 68 17 3 55 96 75 77 8 13 18 16 67 89 40 63 32 62 7 46 12 38 42 78 57 20 87 31 99 74 83 52 79 95 27 23 93 25 70 5 43 39 91 73 85 41 14 60 2 29 59 49 84 71 81 48 92 30 24 15 69 11 66 72 54 33 61 65 97 90 9 86 36 34 98 51 6 47 50
TEST 28 ARG:28 19 0 22 36 44 64 95 43 32 72 97 53 68 70 71 17 7 79 33 2 90 88 14 49 47 25 35 18 73 11 94 58 81 37 3 98 67 42 96 62 50 48 4 84 60 41 69 86 75 76 91 9 13 23 87 80 92 66 8 56 82 5 99 38 24 63 12 29 10 46 15 39 61 57 34 83 85 45 31 30 16 93 74 77 59 6 27 51 1 21 52 20 89 54 40 65 78 26 55
TEST 29 ARG:21 15 52 6 17 66 82 58 68 67 79 1 20 80 31 7 98 9 73 38 50 64 69 19 10 13 87 40 45 91 8 89 24 51 3 18 39 30 28 11 43 85 97 99 63 16 34 25 94 77 35 65 12 14 22 56 93 57 92 53 49 5 83 4 0 48 27 70 59 32 61 75 54 44 29 90 26 47 37 76 2 81 95 74 71 55 36 41 84 88 78 86 62 96 42 33 72 60 23 46
TEST 30 ARG:17 34 24 22 81 68 49 20 36 82 8 58 95 32 18 27 33 56 90 25 89 44 11 53 15 0 41 16 96 4 93 21 31 92 2 57 38 65 84 74 55 26 39 71 9 60 23 67 6 40 5 66 43 47 46 83 98 45 28 85 35 13 63 87 29 7 94 48 72 99 79 12 61 77 91 51 75 30 3 10 78 14 80 54 97 88 62 42 69 86 1 59 50 52 76 73 37 70 64 19
TEST 31 ARG:81 27 98 23 51 61 43 15 13 17 65 95 96 46 33 10 20 0 71 92 82 57 16 11 67 50 48 36 42 78 56 64 58 39 59 19 99 32 21 63 84 6 34 44 62 94 7 37 86 74 45 47 87 91 83 38 73 66 72 28 18 77 53 49 26 68 2 35 4 55 14 3 80 70 76 25 22 97 9 40 54 85 5 89 12 88 8 93 30 90 60 79 1 52 31 41 29 69 75 24
TEST 32 ARG:15 76 94 87 30 75 34 25 4 13 60 69 71 91 74 24 89 65 96 5 66 99 88 19 58 44 63 26 90 41 93 52 92 55 17 46 27 20 40 48 57 56 85 98 11 38 43 18 28 50 8 47 97 3 12 78 22 49 79 42 68 33 54 6 86 45 73 61 64 32 2 29 7 10 39 67 59 62 72 95 35 23 0 81 83 1 80 51 21 14 82 37 70 36 84 31 77 53 16 9
TEST 33 ARG:40 34 57 69 27 35 67 80 4 86 91 90 93 12 81 1 78 96 13 89 43 53 10 45 16 83 21 70 79 51 87 64 52 74 63 0 29 5 41 66 23 44 2 17 75 88 98 24 85 39 61 38 31 46 82 99 84 14 8 36 19 18 20 95 47 73 68 49 42 94 72 60 9 30 97 26 76 71 25 3 54 65 56 92 6 62 7 59 37 28 32 22 58 15 55 77 48 33 50 11
TEST 34 ARG:11 20 27 76 67 94 88 63 13 34 66 58 6 49 60 55 19 70 59 41 57 92 91 48 62 10 96 64 9 71 26 45 98 33 18 21 74 14 56 79 29 39 81 72 5 61 38 3 4 16 32 42 35 73 97 23 90 28 51 95 87 89 82 80 75 30 12 84 31 78 17 0 54 25 2 22 86 85 7 37 69 1 99 50 83 65 46 24 44 15 68 77 52 40 43 8 53 93 47 36
TEST 35 ARG:60 89 11 99 9 97 1 3 96 85 72 19 15 55 88 48 13 77 82 12 22 24 71 73 21 61 33 84 87 91 62 41 18 74 53 57 45 80 65 6 32 10 67 2 20 58 49 40 30 42 94 43 35 78 52 28 44 95 92 68 47 17 14 93 90 7 64 54 4 76 50 16 69 23 70 36 29 46 34 5 75 79 8 27 38 63 86 98 0 81 51 59 26 37 31 25 83 39 66 56
TEST 36 ARG:91 6 43 18 12 51 30 15 31 66 65 60 9 73 96 84 16 59 39 55 32 98 44 45 99 48 89 79 70 85 3 57 23 34 19 10 53 40 64 95 36 74 49 63 50 56 1 5 83 38 72 47 61 88 54 52 27 77 58 86 4 67 87 93 13 68 90 14 26 25 17 29 76 20 71 21 97 22 46 41 8 82 92 69 35 42 78 11 80 81 7 75 24 2 33 28 94 0 62 37
TEST 37 ARG:38 61 48 66 47 23 97 8 86 59 30 57 43 16 98 37 80 2 13 91 83 55 49 78 21 95 96 18 3 46 11 4 10 15 77 39 27 64 12 65 0 94 29 63 34 42 36 70 88 75 73 62 24 82 25 54 35 72 28 1 68 56 84 69 40 85 32 26 5 50 89 6 93 58 74 41 52 33 60 99 92 31 53 90 44 81 9 67 79 76 87 7 45 51 22 20 14 71 17 19
TEST 38 ARG:59 45 80 85 20 9 22 69 7 98 55 2 16 96 58 0 83 40 89 61 54 77 21 24 76 6 44 26 23 19 73 29 91 14 32 37 13 8 78 17 53 51 30 70 36 75 50 99 82 39 92 5 74 84 95 10 81 86 52 66 35 41 28 42 87 47 79 27 12 33 15 88 62 60 56 97 64 43 11 38 4 63 57 94 71 18 25 90 34 31 48 3 67 68 93 1 49 72 65 46
TEST 39 ARG:81 77 21 24 72 29 66 59 28 84 23 36 45 9 99 63 33 62 64 68 17 91 69 53 0 70 19 88 14 22 98 27 50 34 12 41 11 2 1 67 5 7 96 55 48 13 15 78 75 49 60 43 18 71 83 61 93 37 52 10 38 40 32 65 85 97 30 8 89 95 73 25 35 47 76 82 74 39 31 58 6 87 94 3 44 42 56 54 46 16 92 90 20 79 4 80 86 51 26 57
TEST 40 ARG:65 66 11 55 59 36 1 89 42 60 40 76 25 18 77 31 20 93 84 54 28 75 99 39 67 86 38 90 71 87 47 15 45 22 50 14 64 85 16 35 26 61 2 57 81 94 5 48 13 80 92 32 63 37 95 33 44 21 10 58 88 53 70 62 91 19 52 34 3 27 7 30 24 17 79 74 73 8 96 9 78 82 56 29 0 98 6 83 49 23 97 72 51 68 46 43 41 69 4 12
TEST 41 ARG:73 48 56 58 84 62 54 2 86 49 41 17 68 69 33 39 11 7 97 13 45 32 66 72 35 79 98 20 19 3 77 76 52 59 71 57 80 89 38 5 21 30 55 40 23 18 67 37 92 53 15 4 90 75 64 22 96 27 74 16 26 25 29 95 88 0 47 8 34 14 61 24 85 46 81 78 12 60 99 28 65 10 44 94 87 1 70 91 50 6 9 43 93 31 42 36 63 82 51 83
TEST 42 ARG:89 76 16 84 11 18 27 81 88 85 15 10 63 31 71 50 22 94 55 57 77 78 86 4 92 28 33 5 35 91 52 87 0 24 70 64 40 98 6 74 12 32 80 8 54 90 23 82 67 61 29 58 44 39 96 75 66 59 14 46 21 49 97 73 51 48 62 37 72 42 13 26 36 34 17 9 25 79 3 69 20 53 68 38 95 7 19 43 41 45 2 47 60 65 1 56 30 93 99 83
TEST 43 ARG:61 64 37 20 3 27 84 70 53 89 66 91 97 77 81 6 10 13 17 15 56 36 52 96 93 12 72 86 24 45 14 19 9 73 43 55 71 22 83 62 80 48 23 88 67 90 59 32 54 21 28 39 99 33 87 65 8 40 92 26 85 63 95 34 30 94 68 41 1 11 69 44 46 35 51 16 31 7 38 49 57 79 2 4 29 0 47 18 76 60 5 42 98 50 25 78 75 82 58 74
TEST 44 ARG:92 80 84 50 21 3 12 6 5 54 62 93 17 2 51 36 64 41 48 58 26 68 89 74 8 97 69 94 81 67 45 52 35 9 42 86 22 27 29 78 55 57 16 38 20 15 34 79 14 60 30 4 39 82 24 76 46 63 32 72 18 56 75 83 91 28 49 0 33 85 44 70 90 11 7 43 99 77 47 61 31 88 13 40 1 25 19 87 10 71 95 53 73 59 96 65 23 66 98 37
TEST 45 ARG:96 69 60 93 94 52 26 2 27 46 32 99 30 86 44 77 51 24 21 63 58 95 6 31 42 22 36 78 23 74 41 8 83 12 47 5 53 91 3 72 90 37 89 17 85 57 76 20 62 80 1 70 73 28 11 4 79 18 13 97 10 43 65 98 55 64 34 59 48 50 71 19 84 56 25 92 7 35 54 40 29 66 33 39 67 45 0 38 75 16 61 49 88 68 82 87 9 15 14 81
TEST 46 ARG:48 15 62 86 65 64 90 67 76 1 6 40 8 52 54 44 82 35 68 2 75 46 28 47 29 37 59 73 34 91 17 53 81 71 21 80 26 30 84 50 45 72 22 13 16 18 14 63 32 23 24 4 93 78 85 42 70 99 97 9 3 66 43 98 7 12 92 5 55 94 96 0 51 57 60 83 38 36 58 74 89 69 25 27 31 56 10 19 33 39 77 88 61 20 95 11 49 41 79 87
TEST 47 ARG:49 7 25 76 96 84 90 89 33 9 51 64 3 10 39 16 41 83 53 29 99 54 36 35 47 92 61 46 42 77 82 66 48 20 2 32 57 31 75 28 86 58 71 72 81 88 23 34 56 62 67 78 40 93 97 55 38 22 94 0 5 18 44 27 91 26 12 24 19 79 52 65 73 69 70 59 13 8 80 37 98 68 63 43 50 85 11 95 14 60 45 30 4 6 15 17 1 74 21 87
TEST 48 ARG:87 40 20 23 32 69 39 78 22 33 37 80 97 72 29 71 63 21 88 17 12 5 30 77 24 70 90 60 36 45 79 50 49 47 13 3 64 51 38 14 57 99 73 89 95 82 44 52 46 54 10 15 19 42 1 75 27 53 2 6 28 41 83 93 31 66 94 9 92 68 11 62 43 35 76 86 67 0 34 91 74 7 61 65 58 25 8 16 85 26 96 56 98 4 59 18 81 48 84 55
TEST 49 ARG:4 55 16 9 12 45 28 22 25 68 36 39 38 78 82 81 56 20 71 19 50 66 99 0 26 2 63 48 87 44 17 60 30 8 14 53 41 69 15 67 61 32 11 97 34 75 54 35 57 49 46 21 91 98 51 70 89 86 62 29 40 72 94 3 84 58 23 27 24 85 93 33 43 5 7 13 65 37 76 52 83 64 79 18 10 73 74 88 6 80 95 90 59 42 96 31 1 47 77 92
TEST 50 ARG:20 77 35 0 63 66 85 18 65 71 62 92 7 79 53 67 58 68 43 4 9 60 94 39 14 54 81 64 17 72 59 75 22 45 82 83 51 47 36 1 84 21 8 88 73 11 33 91 28 57 87 89 5 19 49 52 15 99 69 30 32 86 41 13 25 34 50 98 38 24 27 29 78 80 90 76 61 2 93 23 95 40 96 56 10 12 6 31 3 46 70 48 55 74 37 42 44 16 97 26
TEST 51 ARG:70 4 77 13 23 63 88 86 45 17 83 76 87 79 43 85 71 33 14 93 34 2 24 54 37 0 59 74 10 9 40 96 90 5 6 8 62 78 65 52 7 98 27 46 72 99 69 29 3 67 91 95 1 60 82 58 31 22 32 66 68 57 92 56 21 49 81 80 50 20 64 12 75 19 41 36 15 48 25 44 28 97 35 84 73 94 61 53 55 39 18 26 47 16 38 51 30 42 89 11
TEST 52 ARG:56 58 98 13 79 0 10 33 99 16 38 45 70 4 43 80 63 19 37 5 15 89 57 22 72 36 65 17 61 59 85 97 50 44 78 53 8 48 6 69 26 91 24 42 46 71 86 94 12 41 88 95 25 7 76 40 21 49 66 32 18 28 60 81 31 14 68 1 55 11 83 30 23 87 84 9 93 29 34 64 90 77 52 47 62 20 82 2 75 73 96 39 27 92 67 3 54 51 74 35
TEST 53 ARG:97 92 59 42 61 53 81 64 17 76 22 7 62 20 94 6 72 96 86 51 3 67 24 45 80 23 29 41 78 95 37 90 31 10 71 5 58 4 88 21 85 84 48 1 79 13 49 65 38 25 33 57 52 15 34 35 77 39 55 0 28 54 69 8 43 82 47 30 87 27 40 74 83 89 63 70 98 32 91 56 73 26 18 36 68 50 66 93 12 60 2 9 44 75 11 14 99 19 16 46
TEST 54 ARG:47 8 7 28 32 99 80 88 72 35 19 11 69 1 71 49 43 39 10 33 83 86 95 22 40 52 37 70 25 54 17 73 74 62 67 57 18 16 9 44 14 84 85 89 27 87 13 75 46 31 45 59 77 78 26 34 50 76 51 64 98 92 3 82 12 65 94 66 56 61 6 53 91 42 30 68 81 90 36 23 20 41 15 63 2 0 21 5 79 24 93 4 96 48 97 29 58 38 60 55
TEST 55 ARG:97 29 24 77 38 32 83 20 61 26 89 2 81 34 15 45 86 8 16 71 68 53 44 72 58 88 6 91 74 48 28 56 27 37 1 4 0 19 73 62 99 79 70 76 7 69 94 41 46 75 52 30 82 50 31 55 22 33 59 95 49 43 63 25 35 10 51 21 40 12 17 42 60 64 92 11 87 5 96 98 65 54 78 23 39 13 36 18 93 57 47 14 85 90 80 3 66 67 84 9
TEST 56 ARG:99 28 83 24 42 63 11 23 30 43 32 66 38 57 65 45 84 20 81 80 48 79 82 17 92 39 85 71 26 60 68 37 36 89 98 35 70 47 18 46 49 72 9 91 94 25 5 0 21 88 78 15 97 53 75 6 73 19 90 13 4 14 69 3 51 67 44 2 74 55 29 7 22 76 50 52 64 12 95 8 56 93 40 96 41 58 62 16 1 31 59 77 27 61 86 10 34 54 33 87
TEST 57 ARG:35 11 42 70 12 21 9 85 24 34 7 18 52 45 44 78 62 26 57 17 10 23 30 91 63 76 81 48 77 27 82 84 51 69 39 49 43 3 66 6 83 67 40 94 50 98 0 29 4 99 56 28 36 93 38 37 64 15 88 92 41 53 79 71 75 59 5 89 14 80 25 16 47 74 95 2 13 8 33 65 58 61 19 20 68 72 96 97 1 87 55 22 86 46 32 73 90 54 31 60
TEST 58 ARG:28 55 5 39 60 91 25 78 11 83 59 19 6 86 66 16 51 88 27 13 64 94 38 93 45 40 50 76 44 17 70 41 48 68 30 53 82 61 74 14 18 89 46 8 12 23 37 29 87 1 3 80 43 33 75 85 65 49 96 7 2 90 73 31 72 58 77 98 97 54 84 21 34 0 26 10 32 63 47 57 52 20 42 9 24 15 36 22 92 35 62 81 79 4 71 99 95 69 56 67
TEST 59 ARG:24 73 41 45 98 86 84 2 46 80 26 78 88 90 34 43 7 15 99 39 91 71 65 96 4 93 55 61 38 3 37 28 51 76 6 14 60 8 74 47 21 68 42 83 66 5 56 54 11 22 79 31 72 95 19 58 1 53 59 40 52 30 27 92 17 85 33 20 87 36 57 29 44 35 70 77 9 89 94 0 62 32 64 16 81 75 50 82 97 48 49 12 10 67 23 63 18 69 13 25
TEST 60 ARG:54 25 73 90 31 48 61 53 68 6 57 46 69 82 85 14 22 96 77 56 71 10 18 47 86 1 93 33 95 32 52 88 84 7 5 78 28 13 55 97 23 98 24 65 99 62 50 66 72 2 83 67 34 58 81 11 94 80 92 39 38 19 4 41 59 3 74 87 40 76 45 9 79 70 44 26 15 91 75 21 16 35 20 27 51 36 60 0 8 42 37 49 12 89 30 17 29 43 63 64
TEST 61 ARG:8 54 21 0 38 95 41 34 62 10 59 42 91 5 26 44 47 65 98 63 99 64 50 86 25 79 22 60 49 85 43 16 53 29 69 96 83 13 12 14 58 2 48 88 30 75 71 68 70 37 93 77 32 94 55 97 9 92 51 19 1 72 35 24 52 56 87 81 90 18 84 20 4 36 80 23 61 39 89 57 11 73 67 66 15 3 28 17 46 7 45 78 33 31 74 27 40 82 76 6
TEST 62 ARG:36 70 87 57 34 23 61 43 30 80 37 82 41 49 93 88 8 28 21 71 55 73 1 65 98 33 9 52 63 4 0 67 44 66 26 17 22 48 20 11 3 39 35 31 64 59 12 2 45 89 92 83 16 13 25 91 58 47 5 74 85 78 77 51 72 14 86 76 56 42 32 6 69 24 90 53 96 60 15 40 79 94 29 19 97 7 54 95 99 50 84 38 18 46 68 10 75 81 27 62
TEST 63 ARG:91 87 78 12 43 6 96 84 19 18 21 45 7 8 2 54 59 79 27 61 65 66 11 75 67 92 32 0 24 28 56 94 97 51 14 49 42 64 40 41 44 9 52 38 29 16 80 76 25 99 81 20 86 50 22 90 1 37 88 62 58 63 3 95 74 57 53 60 89 31 85 30 55 71 93 48 34 33 39 4 10 77 17 35 36 83 15 47 69 23 68 70 73 82 26 46 5 13 98 72
TEST 64 ARG:18 40 0 52 85 86 27 26 98 96 37 4 3 80 59 84 54 69 45 55 64 11 67 15 94 14 78 79 32 20 39 72 1 42 17 76 24 91 97 16 58 51 28 63 8 60 43 90 66 6 22 2 95 10 93 21 25 41 31 7 68 53 99 73 70 5 89 57 9 19 12 81 83 75 33 49 71 30 87 48 82 36 44 77 13 34 88 65 47 38 62 56 35 61 46 92 50 29 23 74
TEST 65 ARG:88 15 48 19 86 63 57 35 42 62 74 26 33 20 72 2 37 83 16 25 98 53 27 90 47 44 87 23 81 40 49 43 64 51 84 24 78 94 70 22 85 67 13 10 75 69 60 36 76 4 92 31 38 79 17 32 0 71 7 95 66 80 8 12 34 97 65 99 5 96 77 89 1 50 58 45 61 9 3 39 28 54 59 29 11 46 6 41 55 68 56 52 73 82 93 30 14 91 18 21
TEST 66 ARG:77 44 21 18 25 65 27 66 6 92 59 9 53 35 78 99 67 83 22 58 14 11 3 70 63 2 24 60 68 23 15 69 10 49 84 38 19 75 96 7 79 91 37 97 52 80 16 71 93 29 42 26 95 88 76 45 40 90 57 64 43 82 94 1 30 89 56 81 50 72 48 20 36 34 54 31 46 86 85 51 61 98 13 17 74 73 39 33 62 8 47 28 5 0 87 32 41 55 4 12
TEST 67 ARG:75 19 14 80 65 34 56 46 68 90 93 20 84 70 5 76 66 83 23 21 71 3 18 58 27 99 28 94 24 4 43 78 17 35 95 41 8 36 12 73 74 33 7 52 96 29 49 59 39 51 47 22 13 54 25 6 61 98 92 77 38 26 0 1 11 42 97 40 50 9 30 55 31 15 57 44 53 72 88 81 89 91 2 82 79 86 37 67 62 32 69 16 63 45 10 60 87 85 48 64
TEST 68 ARG:72 66 22 83 97 81 69 2 4 78 10 88 60 71 50 36 26 28 79 54 18 53 57 23 58 9 75 61 24 44 84 92 1 52 30 8 5 20 7 21 93 85 15 6 32 14 63 16 82 17 90 38 65 41 56 77 12 37 70 74 25 11 59 31 64 42 55 19 34 43 13 51 49 46 48 95 62 40 91 76 80 27 3 99 86 98 33 89 29 94 0 68 39 96 35 87 67 73 45 47
TEST 69 ARG:99 7 4 69 42 32 76 8 83 60 22 13 30 14 64 87 68 61 44 40 82 53 24 95 45 84 55 43 98 65 80 49 18 81 19 54 31 37 16 70 63 79 96 41 58 48 20 27 5 36 90 91 50 92 23 85 11 2 21 10 62 12 34 78 88 51 17 74 57 29 71 33 1 86 15 89 39 94 9 38 28 67 56 73 75 26 97 3 52 93 77 6 47 0 46 66 35 59 25 72
TEST 70 ARG:82 1 79 45 46 77 67 97 63 13 39 2 21 29 69 66 18 0 32 73 25 88 68 80 44 10 85 6 48 20 43 57 81 74 42 40 26 76 93 94 95 70 37 86 83 3 78 49 9 4 7 28 24 64 51 8 47 92 87 50 16 33 15 36 71 23 41 55 30 99 91 17 19 38 58 61 89 75 35 84 31 53 62 11 72 98 34 60 52 27 56 22 5 14 54 65 96 12 59 90
TEST 71 ARG:11 93 0 47 14 77 38 83 39 98 12 42 29 94 63 3 55 99 25 4 37 16 40 10 74 34 91 19 57 43 72 1 58 52 53 33 73 41 45 88 51 15 79 44 81 22 70 31 69 75 80 32 90 89 68 9 92 67 18 66 7 86 87 60 71 48 54 64 49 97 36 62 8 76 2 21 78 35 20 82 96 26 28 84 50 85 61 23 30 13 24 5 17 65 27 46 6 95 56 59
TEST 72 ARG:76 39 15 90 38 55 84 6 16 91 78 28 32 52 67 74 59 49 29 18 53 97 26 1 3 17 63 94 56 19 83 51 65 0 44 71 31 66 50 23 21 34 27 75 40 2 89 43 41 11 81 87 86 64 69 58 96 70 79 47 36 62 85 37 46 7 68 30 20 25 42 80 60 72 57 24 48 35 33 45 99 12 92 22 93 54 13 88 5 95 98 73 61 8 77 14 9 82 10 4
TEST 73 ARG:57 31 8 10 83 54 49 44 9 52 17 22 2 60 64 41 86 30 98 36 23 12 38 51 92 59 82 62 3 55 40 87 15 68 42 18 94 69 84 27 85 28 81 50 88 79 5 74 11 75 95 72 71 26 37 96 7 77 6 91 16 21 19 20 58 76 73 97 35 24 65 14 48 25 46 33 99 66 89 67 0 63 34 61 29 1 80 13 43 70 47 93 39 56 90 4 78 45 53 32
TEST 74 ARG:32 43 78 48 91 24 62 77 53 66 83 21 13 6 57 76 50 65 15 4 46 12 99 93 96 38 80 25 97 41 71 34 2 98 52 3 60 55 86 89 75 69 5 20 42 14 82 18 1 64 9 17 94 31 95 30 92 84 10 36 49 33 23 68 70 0 26 90 59 39 72 56 79 16 51 47 74 85 63 11 54 35 29 45 37 19 7 22 8 88 87 81 67 28 73 40 44 58 61 27
TEST 75 ARG:12 7 37 27 21 77 63 79 92 52 9 24 87 97 94 5 35 68 83 91 54 76 93 44 84 17 96 69 36 86 14 72 2 51 45 80 0 67 85 88 70 50 78 38 33 28 65 10 40 75 1 56 32 81 41 39 29 20 59 42 53 64 74 49 55 48 15 30 13 99 98 6 3 57 71 26 62 46 16 11 43 8 61 19 34 47 22 60 23 89 4 90 25 66 82 95 18 31 73 58
TEST 76 ARG:5 12 11 52 95 39 99 28 71 93 65 51 46 97 73 21 31 76 81 89 88 40 34 57 54 58 92 90 68 77 25 15 37 70 36 22 6 0 18 69 72 48 35 75 67 82 3 84 50 20 87 62 23 98 91 30 16 78 63 79 41 80 2 8 85 7 33 4 26 14 24 53 42 44 9 64 56 94 29 38 47 66 32 27 1 17 86 19 55 43 61 96 13 74 49 45 60 10 59 83
TEST 77 ARG:39 91 89 49 73 33 79 66 85 50 81 24 41 56 22 5 48 0 82 6 28 77 17 9 51 30 94 37 99 86 83 8 12 29 55 88 40 27 57 72 32 63 14 67 42 71 97 7 96 69 65 34 64 20 62 13 90 95 35 26 19 45 53 70 38 3 36 18 16 87 47 84 60 25 31 21 11 43 58 61 78 93 15 68 2 98 46 80 74 44 4 1 59 75 23 92 52 10 76 54
TEST 78 ARG:6 56 68 45 64 28 7 12 79 65 26 42 25 80 22 38 48 75 74 0 91 51 32 92 4 44 50 1 78 88 83 40 46 49 58 9 89 57 18 61 67 71 43 72 55 96 66 90 34 97 2 73 84 94 69 53 8 98 29 15 82 37 17 36 31 41 5 11 63 62 30 16 87 59 60 47 81 35 54 85 33 99 3 20 86 19 93 39 70 77 95 52 10 13 24 76 27 14 23 21
TEST 79 ARG:14 24 56 34 64 25 15 45 78 65 99 49 70 31 21 91 41 5 59 57 10 1 46 77 22 35 72 47 69 55 54 73 63 26 76 60 42 82 83 8 85 53 95 16 94 93 18 20 40 13 58 75 48 0 36 4 50 19 7 86 92 62 67 79 96 6 43 81 87 11 74 61 89 52 23 88 9 51 98 29 27 71 39 32 2 12 68 84 3 90 28 33 97 80 37 44 66 30 17 38
TEST 80 ARG:11 89 76 95 56 61 72 28 26 64 54 8 29 9 55 73 74 65 18 43 39 15 34 13 21 32 51 70 17 42 46 35 57 87 24 27 7 75 98 58 52 45 59 41 62 93 4 23 83 0 63 10 79 91 96 38 2 12 69 49 84 25 77 44 40 60 37 90 30 86 16 48 20 85 71 78 47 6 36 99 67 33 3 31 81 53 92 80 1 14 19 97 66 22 68 82 94 5 88 50
TEST 81 ARG:69 17 61 27 7 42 68 78 85 63 79 46 81 44 6 90 71 96 4 53 65 93 23 31 9 35 14 51 75 48 11 43 55 60 49 28 24 33 58 73 25 32 77 38 21 8 13 87 72 88 34 15 10 2 80 19 18 36 94 56 3 82 62 84 89 5 66 0 29 67 47 83 40 95 39 41 54 52 76 86 26 92 12 22 74 97 45 20 1 57 37 98 64 70 59 50 30 91 99 16
TEST 82 ARG:52 26 73 92 39 44 18 61 34 88 29 84 99 94 21 42 91 36 27 64 24 16 50 93 31 74 32 54 14 38 78 41 96 65 71 28 51 48 15 40 7 11 53 3 13 57 12 86 20 0 56 87 25 60 17 68 49 10 35 95 2 82 6 1 22 45 8 37 47 72 75 23 5 66 81 76 83 80 97 9 62 43 79 63 58 19 67 77 30 46 98 4 89 59 55 69 85 70 33 90
TEST 83 ARG:61 11 79 2 47 44 57 87 56 92 42 67 60 31 1 89 59 80 54 96 66 95 77 7 9 13 27 73 29 46 18 45 28 0 26 36 78 34 86 70 51 41 33 90 88 99 32 98 24 8 97 43 53 84 37 15 21 93 16 50 71 69 63 10 85 14 58 4 6 3 55 49 35 83 81 30 23 68 17 12 25 74 76 94 52 5 39 72 20 48 65 75 19 40 22 82 38 62 64 91
TEST 84 ARG:0 78 76 90 79 81 14 68 91 66 19 88 32 44 74 6 65 16 57 7 97 56 42 38 31 25 36 5 52 9 24 94 60 39 17 34 89 28 26 49 10 11 73 4 98 15 67 33 77 8 20 87 75 45 13 82 80 3 69 70 96 23 58 29 62 93 37 63 46 30 47 54 53 41 71 84 85 50 1 48 61 18 59 40 22 64 83 21 86 51 43 35 27 99 12 92 95 55 2 72
TEST 85 ARG:69 45 10 93 76 39 5 85 71 13 31 6 92 64 83 11 74 90 12 23 33 7 8 61 42 2 49 56 52 3 65 87 41 27 46 98 17 78 24 43 62 63 48 77 30 58 66 26 35 72 1 79 15 75 68 4 99 84 36 81 91 82 47 95 29 55 19 80 50 22 70 94 38 40 32 14 34 21 28 0 54 53 86 57 67 60 88 25 18 37 16 73 96 51 20 9 97 89 59 44
TEST 86 ARG:89 40 68 5 47 77 28 54 93 4 22 63 62 19 83 74 73 39 25 14 36 46 80 18 10 94 9 2 26 56 64 49 31 24 82 8 51 42 59 95 69 50 0 17 96 37 16 48 87 84 86 78 88 81 35 57 58 30 70 61 27 72 15 65 67 98 34 32 85 43 97 3 92 7 53 60 33 76 52 23 55 6 12 79 29 13 66 1 11 20 38 21 75 71 41 45 90 44 99 91
TEST 87 ARG:4 5 48 15 44 18 88 93 83 37 32 25 62 58 13 94 53 79 14 98 11 89 26 75 68 71 78 60 69 91 82 74 67 90 28 20 73 3 66 64 86 51 7 12 30 59 97 23 9 47 77 46 61 63 87 8 96 99 22 56 85 6 16 43 27 40 72 33 34 42 24 41 70 1 21 54 84 80 31 45 49 52 81 55 19 17 76 2 39 57 95 35 29 38 0 65 50 36 92 10
TEST 88 ARG:69 16 40 42 64 86 90 46 24 98 22 82 55 70 36 67 9 20 93 31 51 41 94 43 49 26 77 71 7 15 0 30 87 44 72 56 14 76 97 23 85 91 80 48 3 92 88 59 84 13 35 18 10 29 62 52 38 89 53 28 54 33 12 83 75 47 34 95 5 37 61 1 68 78 32 81 45 6 58 27 66 73 39 8 57 17 2 99 25 60 65 50 11 63 21 4 74 96 79 19
TEST 89 ARG:27 48 55 64 21 84 69 85 10 32 42 13 3 80 12 20 4 0 99 83 76 16 86 11 92 2 6 95 29 54 7 43 51 18 61 50 38 77 78 52 89 22 1 34 91 25 60 73 23 56 47 65 72 31 90 71 82 26 63 41 40 30 53 87 79 88 19 45 44 67 46 62 9 24 28 66 8 49 39 75 68 35 17 98 58 14 93 74 94 97 37 70 81 33 36 15 59 57 5 96
TEST 90 ARG:17 59 96 31 8 35 61 10 9 26 20 68 83 69 94 27 23 18 16 73 25 41 63 3 81 62 65 13 47 39 92 36 79 34 57 64 49 56 11 66 43 12 50 55 6 7 98 77 52 71 74 51 2 54 72 78 97 38 58 76 95 91 67 80 82 60 14 29 21 44 4 89 32 37 1 30 24 0 45 15 53 33 86 84 5 46 87 19 85 90 99 28 93 22 42 75 70 40 88 48
TEST 91 ARG:64 68 5 0 47 39 72 71 66 75 87 35 93 31 96 13 3 58 81 85 53 97 79 32 44 48 45 61 33 7 98 92 65 91 29 50 84 27 59 36 6 94 90 83 57 4 26 28 1 43 30 9 22 41 99 63 46 54 95 38 16 60 80 73 20 42 11 49 34 10 2 12 77 62 82 55 67 17 8 23 89 86 21 14 18 19 40 78 76 24 52 51 56 15 70 25 69 74 88 37
TEST 92 ARG:33 67 89 95 43 32 3 61 76 54 69 86 19 59 98 60 21 75 31 15 85 9 35 7 87 6 49 36 82 4 55 8 83 37 23 18 73 57 29 45 34 66 74 27 44 47 42 50 16 97 91 39 40 51 93 46 77 92 2 72 88 41 58 20 13 26 79 99 5 28 65 25 71 0 62 24 14 53 56 11 94 10 70 80 22 78 63 17 52 48 84 30 81 90 64 1 68 38 96 12
TEST 93 ARG:65 29 18 70 87 6 80 54 25 62 46 22 19 92 35 99 63 96 30 45 82 57 7 40 53 72 98 97 27 59 67 41 76 21 8 86 0 31 5 48 94 73 91 44 9 36 15 34 11 79 95 3 61 83 24 12 50 55 23 28 56 74 47 81 51 2 42 69 85 58 39 17 33 1 77 37 88 14 60 64 75 32 26 84 49 78 66 13 4 52 93 90 38 10 43 89 20 68 16 71
TEST 94 ARG:92 45 78 28 21 89 71 49 81 42 94 19 12 79 23 44 80 75 59 98 88 4 36 63 55 48 40 37 73 25 8 11 54 85 30 35 65 77 70 62 7 39 51 64 93 97 60 96 83 95 91 29 86 38 99 24 1 10 84 13 22 58 56 27 67 76 2 26 41 18 61 53 57 20 43 15 52 6 9 74 32 31 50 33 34 5 14 46 82 69 16 0 87 90 72 66 3 47 68 17
TEST 95 ARG:71 10 7 98 12 60 54 82 0 94 23 28 90 70 73 4 79 31 49 68 11 69 45 18 34 95 5 48 46 19 43 17 74 2 78 89 14 62 35 42 61 39 57 53 36 85 96 86 58 20 21 76 27 52 37 41 88 72 29 67 75 51 64 38 15 93 24 77 32 26 66 92 81 91 63 9 65 22 8 80 44 84 1 47 97 3 50 33 40 56 87 83 59 30 6 25 13 16 99 55
TEST 96 ARG:53 78 54 91 23 87 30 99 88 41 24 40 74 76 1 52 94 89 43 8 28 22 51 58 37 32 70 9 97 35 57 55 33 85 62 95 10 60 27 11 17 36 50 13 42 2 0 81 14 98 31 45 5 73 69 84 68 65 93 18 29 7 86 92 49 47 82 20 61 77 4 19 34 44 26 48 96 67 75 80 56 25 90 72 83 59 15 63 64 21 71 3 46 38 66 12 39 79 16 6
TEST 97 ARG:66 39 41 92 8 54 89 71 36 57 6 61 44 12 35 30 0 26 70 34 15 16 13 87 53 2 42 52 81 37 40 64 93 3 72 27 58 69 32 62 4 59 82 80 21 78 7 33 76 51 50 43 55 85 47 18 77 20 91 10 23 19 83 14 45 5 28 94 96 95 90 9 56 99 17 79 60 74 25 63 1 48 65 24 49 31 22 38 84 68 29 98 75 88 46 86 73 97 11 67
TEST 98 ARG:71 47 98 23 24 5 94 4 76 80 48 67 10 57 87 69 56 39 95 32 1 54 85 93 68 75 46 84 22 40 99 38 66 77 61 72 20 15 26 2 34 96 92 79 31 12 35 74 52 70 30 88 25 11 53 65 42 60 14 51 45 8 21 49 3 37 64 90 81 50 43 59 28 82 36 44 86 16 62 97 63 58 83 6 0 29 13 7 9 55 78 18 17 89 73 19 41 27 91 33
TEST 99 ARG:69 71 63 93 38 9 77 30 20 40 81 7 21 83 72 59 37 14 84 1 26 34 0 16 32 51 41 87 8 91 79 64 4 10 2 57 46 47 17 54 29 11 74 75 66 62 95 48 96 56 19 27 33 92 60 28 22 35 88 80 78 86 3 44 13 42 23 18 94 73 70 50 52 55 15 82 43 5 85 58 25 49 76 45 89 36 68 31 6 99 67 24 90 53 65 39 97 12 61 98
TEST 100 ARG:2 55 79 53 65 94 30 73 88 70 63 77 93 4 24 7 61 72 56 64 81 1 80 25 96 75 86 52 60 39 46 43 26 47 32 85 17 36 66 68 29 38 41 34 67 69 9 19 40 22 71 18 44 37 51 58 12 5 35 23 10 48 78 8 91 76 62 89 98 97 16 82 87 31 92 49 28 33 83 0 14 57 45 50 74 6 84 99 20 3 54 11 95 90 13 27 59 42 15 21
TEST 101 ARG:90 29 82 31 78 35 33 58 69 59 28 92 76 26 15 19 48 79 42 5 56 47 70 6 81 18 36 21 94 83 24 85 71 16 17 44 62 53 37 30 39 65 63 25 43 95 11 80 66 4 49 60 41 87 12 40 45 10 7 14 75 0 88 50 22 98 2 99 55 9 1 34 84 64 93 67 57 89 23 8 52 74 38 96 51 68 27 20 73 54 86 46 97 72 91 3 32 77 13 61
TEST 102 ARG:15 35 61 59 27 85 28 71 51 22 48 97 95 65 63 38 78 29 53 14 46 86 13 68 92 33 89 99 80 10 23 26 25 45 72 31 43 83 76 50 32 74 57 8 37 47 7 96 55 3 4 12 77 18 5 81 49 82 56 91 79 84 42 58 34 41 93 9 67 64 24 2 52 44 90 11 6 17 1 0 62 30 19 88 70 20 54 40 16 73 98 36 75 87 94 39 60 69 66 21
TEST 103 ARG:83 20 89 37 81 12 27 78 57 29 85 19 43 16 15 10 45 68 26 58 42 35 72 1 3 86 95 9 4 73 97 67 49 94 93 30 48 90 65 39 17 13 47 41 59 56 51 98 79 25 52 46 32 80 6 82 61 8 84 22 62 24 91 55 70 77 99 74 31 5 34 33 0 50 54 14 2 38 23 71 63 21 28 88 75 40 7 69 53 60 76 96 66 44 36 18 11 92 87 64
TEST 104 ARG:69 6 96 47 52 23 8 51 70 2 91 5 89 59 72 98 82 42 27 10 26 18 61 57 44 34 38 48 60 14 79 17 64 85 33 31 13 29 94 75 41 30 81 83 35 45 90 4 55 53 40 58 56 11 3 62 28 63 16 78 95 73 93 87 37 12 1 43 84 76 74 20 54 77 22 46 36 21 25 71 9 0 86 32 19 65 88 80 66 49 24 50 68 97 39 92 99 67 15 7
TEST 105 ARG:81 71 40 43 12 45 4 0 42 13 50 32 86 2 31 76 79 59 78 1 46 87 37 11 98 33 96 55 54 84 28 16 93 30 77 36 70 6 67 90 68 29 94 57 80 20 60 18 88 65 9 48 19 82 51 64 24 72 66 7 25 61 92 14 62 69 63 8 27 89 21 56 95 34 83 85 97 22 41 74 75 38 99 52 91 49 58 47 26 3 15 23 73 39 17 44 5 53 35 10
TEST 106 ARG:25 65 24 20 29 75 82 90 46 97 31 73 5 87 80 6 83 44 28 33 66 86 47 96 63 81 40 54 98 74 99 32 71 89 27 67 77 35 91 7 34 60 88 53 8 58 9 76 43 36 84 11 2 19 42 55 95 16 30 18 93 79 94 10 57 64 39 41 3 23 56 21 69 13 50 72 14 45 68 38 59 52 26 37 49 62 78 12 92 17 51 48 70 85 61 4 1 15 22 0
TEST 107 ARG:83 80 44 50 68 91 47 70 7 54 27 58 53 32 62 81 11 92 82 23 60 17 25 64 77 75 76 88 86 93 49 90 13 37 71 65 21 59 34 98 14 19 33 67 35 1 30 16 56 20 42 48 89 63 6 55 9 26 73 61 66 8 78 15 40 43 74 97 99 69 18 45 85 31 95 46 3 28 10 39 94 87 51 5 12 0 24 22 57 84 29 36 79 72 96 38 2 4 52 41
TEST 108 ARG:5 50 48 1 65 94 80 64 13 3 68 61 53 40 36 10 15 52 30 55 14 37 98 27 72 91 31 42 95 87 12 26 69 57 74 24 21 77 46 49 20 35 32 2 44 45 81 29 23 71 25 34 78 38 76 6 83 4 16 99 85 8 67 97 90 82 54 51 28 86 59 7 89 0 11 60 73 47 43 33 18 66 88 17 22 41 96 93 58 70 63 92 9 39 84 75 79 19 56 62
TEST 109 ARG:87 84 1 68 14 9 67 17 60 5 72 27 47 44 24 95 91 58 28 98 37 4 65 89 20 80 22 76 25 7 31 26 21 11 66 8 79 93 86 50 46 82 62 81 70 45 55 64 30 29 49 52 74 51 6 18 59 43 63 77 15 96 42 97 92 90 94 53 41 32 10 57 2 40 13 75 38 36 99 12 56 71 48 61 54 23 19 3 83 16 35 34 39 73 33 78 0 69 85 88
TEST 110 ARG:92 21 2 71 79 67 17 94 83 99 65 43 36 75 55 30 95 85 19 26 59 15 16 12 74 37 98 68 35 50 87 46 57 9 10 86 44 45 56 23 38 22 72 51 39 18 13 41 66 58 91 4 80 29 52 63 76 33 28 90 6 62 89 88 60 3 0 49 47 96 32 73 77 61 34 20 54 97 25 78 14 1 53 82 93 7 48 42 27 64 81 11 31 69 84 24 8 40 70 5
TEST 111 ARG:70 26 47 31 74 1 66 80 56 73 85 63 77 27 99 35 67 20 54 49 96 42 59 15 18 12 19 72 86 25 16 98 7 52 44 93 61 81 69 39 36 22 97 89 62 29 71 78 32 76 48 90 60 2 84 95 82 75 38 24 91 14 88 34 23 51 79 50 87 58 46 43 40 92 11 8 55 10 57 45 28 21 64 17 6 83 13 5 33 3 0 9 4 53 94 65 41 37 68 30
TEST 112 ARG:96 49 88 11 23 78 98 21 50 14 33 3 12 72 52 6 15 61 41 70 81 87 75 39 46 9 4 37 93 47 89 60 40 76 20 43 27 35 83 63 30 19 2 97 90 74 56 79 7 16 99 91 57 13 80 24 68 85 82 92 64 38 0 28 67 55 77 69 62 1 5 44 17 29 65 86 59 18 45 8 48 84 73 94 36 42 25 32 26 54 66 53 51 95 58 71 34 31 10 22
TEST 113 ARG:16 65 11 80 19 95 9 83 7 39 55 69 1 41 71 89 46 15 66 84 22 56 67 60 18 43 92 61 90 68 64 70 23 42 6 63 54 88 40 29 2 81 97 86 36 10 44 91 30 38 76 37 4 28 75 85 59 13 93 17 34 51 14 31 99 24 98 58 74 82 49 53 8 33 94 12 72 32 52 21 50 3 0 78 47 57 62 77 45 96 35 73 5 48 27 25 79 20 87 26
TEST 114 ARG:42 87 49 15 7 98 90 94 55 45 75 24 47 36 91 61 57 39 59 12 76 2 60 34 81 25 65 80 41 70 89 53 69 93 97 37 4 11 84 83 73 82 18 63 1 31 27 58 43 35 26 23 21 30 64 29 71 9 0 62 72 32 3 14 6 99 78 86 17 22 66 10 46 50 48 68 96 16 54 95 77 85 67 40 92 88 51 8 20 38 79 19 28 13 74 44 33 56 5 52
TEST 115 ARG:80 94 96 1 59 57 73 66 82 52 50 51 2 5 35 64 28 17 54 89 47 77 49 65 11 33 9 72 18 86 32 3 84 76 6 20 7 12 58 55 38 78 53 41 67 87 25 16 21 15 70 85 61 43 90 69 48 42 62 34 74 92 27 44 81 45 83 39 23 99 36 30 26 37 0 14 93 22 13 31 40 63 95 75 68 4 10 24 8 29 56 88 97 71 19 91 98 79 60 46
TEST 116 ARG:13 96 32 74 78 35 56 36 63 51 5 75 3 9 1 33 83 52 40 89 23 86 68 59 37 41 58 17 93 62 70 28 16 26 18 76 61 88 94 20 25 47 0 50 87 90 8 39 10 49 44 14 98 12 57 64 46 72 85 55 38 31 73 42 69 27 7 81 60 99 24 79 54 21 91 2 30 71 34 19 92 67 66 45 65 53 95 43 29 77 6 15 84 97 82 80 48 11 4 22
TEST 117 ARG:70 81 4 10 52 5 41 54 23 20 18 7 13 91 58 66 19 47 50 28 9 92 83 30 67 87 16 31 51 68 69 90 56 22 24 26 42 12 27 98 82 85 74 55 34 6 80 65 2 79 86 17 43 25 75 89 35 14 93 0 95 33 46 39 38 72 88 64 62 76 44 59 49 8 40 71 57 11 36 48 61 99 3 37 45 97 60 32 15 94 73 63 77 84 96 29 53 21 78 1
TEST 118 ARG:11 28 22 94 98 6 83 20 65 5 81 84 46 24 17 66 38 72 49 37 63 56 64 40 2 50 29 67 59 33 43 4 92 39 90 19 82 16 87 30 96 73 86 26 78 99 53 32 45 58 48 77 3 35 55 89 18 68 8 10 42 60 34 7 79 31 80 36 25 69 57 74 54 14 61 76 44 95 51 52 93 91 21 85 12 88 70 23 62 75 13 97 71 47 0 41 9 1 27 15
TEST 119 ARG:97 84 26 66 15 32 62 65 18 49 51 52 57 56 13 48 59 21 28 86 2 53 64 30 76 77 12 95 91 36 23 94 39 87 69 78 11 35 88 5 68 41 73 67 19 83 61 75 70 20 54 81 37 80 34 43 8 25 82 16 98 22 3 4 58 85 55 31 7 6 44 99 24 10 93 14 72 60 96 74 0 92 90 42 27 9 89 17 50 1 45 71 29 38 47 40 79 63 33 46
TEST 120 ARG:67 59 8 22 12 68 77 42 39 95 43 29 69 16 97 27 81 84 38 52 80 34 4 82 13 35 7 66 83 86 53 17 30 89 5 65 46 9 14 93 24 28 75 74 1 56 60 58 88 71 15 48 45 44 96 47 85 62 78 90 73 33 50 37 54 36 23 31 25 63 64 99 92 61 20 19 3 87 91 55 26 94 57 2 40 6 21 70 10 79 51 11 76 41 0 98 32 18 72 49
TEST 121 ARG:19 53 88 76 90 55 0 28 51 3 95 37 20 52 94 14 41 70 33 17 58 72 21 60 16 92 91 24 22 15 75 81 5 4 64 85 11 80 71 69 29 99 6 2 59 83 57 49 35 74 34 82 13 97 23 87 18 10 48 66 65 93 44 1 86 40 68 27 79 73 46 8 54 89 84 67 39 47 43 38 56 30 50 63 32 62 96 45 7 42 61 12 78 77 98 25 26 36 9 31
TEST 122 ARG:30 83 39 23 80 73 51 38 53 14 7 2 57 93 86 85 11 25 82 45 36 15 91 60 1 49 94 43 48 33 79 13 76 71 74 59 9 52 50 81 56 29 16 34 89 96 41 77 87 24 98 8 31 17 26 99 12 5 37 62 67 90 27 10 88 22 40 28 46 69 35 47 95 21 6 65 4 44 92 61 68 32 97 70 19 63 58 75 20 18 78 42 55 54 66 72 64 3 84 0
TEST 123 ARG:65 51 75 60 81 50 25 82 9 34 87 42 93 14 0 92 67 64 88 43 45 55 12 80 15 59 1 5 84 39 7 44 47 18 76 72 30 78 62 97 40 69 23 36 46 53 27 24 3 94 48 98 61 54 56 89 79 11 10 19 77 66 68 37 20 49 95 33 73 35 57 99 38 58 31 28 74 32 21 63 13 52 4 17 83 2 86 90 91 70 8 29 71 6 85 96 41 26 22 16
TEST 124 ARG:61 96 39 80 82 63 94 15 86 71 58 47 69 90 17 77 56 95 66 85 53 0 33 75 29 51 7 88 31 12 68 81 55 43 65 79 24 45 10 87 93 5 73 1 44 98 6 42 40 78 76 27 28 48 26 16 35 25 70 97 4 99 84 89 14 13 23 2 11 36 20 38 46 8 19 72 18 91 62 57 9 30 67 50 54 74 34 60 49 37 3 64 83 32 52 59 21 92 41 22
TEST 125 ARG:66 27 70 25 76 47 98 32 4 59 9 52 96 60 69 7 77 16 87 39 19 31 73 56 67 11 46 17 48 33 15 5 85 21 3 50 92 29 1 64 2 94 44 57 20 89 63 79 53 14 99 97 30 36 95 49 23 13 88 40 24 65 35 78 74 83 55 22 61 54 18 0 45 75 86 43 82 81 8 51 6 72 37 26 28 38 71 91 10 84 34 93 42 62 68 58 41 12 90 80
TEST 126 ARG:14 32 89 66 35 99 49 36 40 38 74 65 46 44 47 80 26 69 58 90 4 20 84 76 8 60 87 29 18 56 71 81 53 68 98 6 55 96 59 11 19 67 70 16 92 23 51 13 30 94 72 97 37 73 57 22 63 5 39 28 3 48 2 62 42 86 50 91 95 24 41 45 33 75 64 21 54 27 77 1 88 78 52 93 79 82 15 0 83 34 61 7 12 85 9 31 10 17 43 25
TEST 127 ARG:61 51 67 58 17 34 45 5 28 79 39 33 90 10 2 18 25 86 85 44 87 91 31 35 71 81 9 1 4 96 15 99 57 6 93 53 72 12 98 27 55 8 97 89 40 22 29 36 76 83 60 73 46 38 84 78 66 75 30 54 88 49 65 59 21 92 48 37 64 77 26 0 32 62 94 82 43 56 68 95 13 16 42 80 3 7 74 11 24 69 20 70 63 41 52 50 23 14 47 19
TEST 128 ARG:43 70 48 53 38 85 50 35 55 30 47 15 89 11 79 16 78 45 7 66 17 24 33 59 6 94 26 44 76 36 29 81 34 58 51 75 31 57 65 69 21 82 86 2 8 68 42 4 93 27 3 13 25 1 96 41 97 39 64 91 56 99 77 80 73 46 60 72 9 49 18 32 54 14 87 5 0 40 62 23 52 92 83 10 61 19 90 71 74 88 22 84 95 28 12 63 37 98 20 67
TEST 129 ARG:33 91 76 53 47 17 49 6 93 88 69 0 26 16 66 3 20 23 29 71 68 92 87 1 72 98 51 18 7 52 99 4 75 55 73 58 39 11 15 48 41 79 65 70 42 84 12 61 37 67 14 59 74 64 9 77 24 34 46 25 28 8 43 83 96 45 35 57 30 63 82 54 40 32 78 94 80 13 81 95 44 36 85 50 86 27 60 22 21 89 10 56 97 90 2 31 38 19 62 5
TEST 130 ARG:97 56 85 49 88 7 57 96 40 17 47 43 90 26 78 55 50 14 34 82 53 58 16 75 32 30 98 89 76 12 64 31 5 71 73 35 86 19 11 81 60 79 25 15 66 69 83 94 6 41 13 39 44 87 36 68 92 4 37 74 65 18 91 45 28 8 46 10 80 29 72 70 3 2 21 27 61 9 42 63 67 77 54 23 51 59 20 95 62 84 99 1 0 24 52 22 33 93 38 48
TEST 131 ARG:88 72 14 47 19 76 25 58 79 92 36 10 60 67 81 68 38 26 65 77 46 0 44 23 30 69 7 86 59 56 74 96 84 39 8 70 98 41 42 43 33 6 29 57 21 15 4 12 48 2 50 35 17 9 91 99 51 1 55 80 90 52 93 5 87 13 66 83 94 49 62 71 95 82 16 89 45 75 31 64 24 18 3 11 34 22 54 73 32 63 78 40 53 37 27 61 97 28 85 20
TEST 132 ARG:13 3 45 7 30 68 47 53 49 70 72 33 31 14 23 63 91 19 43 85 96 46 92 6 51 73 95 52 69 40 28 67 42 18 80 81 8 56 1 60 22 54 27 97 10 44 66 78 34 98 83 41 61 62 39 99 12 38 77 64 20 4 50 35 17 16 29 84 58 75 89 55 76 48 21 11 86 74 2 93 32 71 87 37 57 26 0 9 5 88 25 15 82 59 90 24 36 79 94 65
TEST 133 ARG:83 75 72 77 85 92 65 37 5 78 47 34 61 3 94 14 46 76 71 64 63 31 41 11 86 50 16 22 88 73 0 62 69 52 79 38 35 90 53 81 36 54 24 55 45 26 27 4 25 12 42 93 9 96 97 80 74 19 17 1 32 82 33 44 10 51 68 91 99 23 18 28 60 39 70 21 2 29 48 30 8 15 43 87 84 98 49 95 89 40 20 6 56 13 7 57 59 66 67 58
TEST 134 ARG:25 12 66 6 97 57 70 79 92 2 7 96 10 20 56 45 19 43 82 62 39 1 33 64 35 93 77 9 44 88 59 3 99 31 46 0 42 14 54 18 24 60 89 65 21 95 58 69 84 51 26 37 67 71 16 30 85 4 74 40 52 41 75 22 32 34 11 23 86 80 15 63 72 48 8 87 94 27 73 28 78 5 13 38 61 17 83 36 91 68 29 55 53 76 98 49 90 81 47 50
TEST 135 ARG:76 50 13 85 70 40 25 47 36 59 57 43 68 64 27 28 72 83 82 78 90 26 98 29 44 37 30 58 88 41 80 9 56 69 23 61 75 81 22 49 94 95 66 71 91 52 6 10 86 74 79 32 42 96 65 46 14 93 62 16 12 21 20 97 38 87 17 11 24 73 1 8 84 39 55 19 35 60 5 15 54 0 45 77 63 31 89 7 2 33 99 34 3 53 51 67 18 92 48 4
TEST 136 ARG:55 53 60 79 13 28 30 43 34 29 11 39 63 89 57 45 54 31 90 14 38 51 44 91 20 71 95 32 62 46 78 4 86 52 12 88 76 3 7 66 75 81 83 96 69 92 68 17 80 40 37 99 98 22 61 58 97 84 56 73 10 16 18 26 59 23 35 33 6 77 24 48 9 72 47 82 5 87 50 64 1 36 94 85 42 8 49 65 15 67 25 21 74 27 93 41 70 19 2 0
TEST 137 ARG:85 53 34 15 65 50 35 20 7 94 14 41 92 81 75 87 6 39 60 73 56 47 5 19 98 3 72 96 55 52 71 13 57 2 36 66 80 91 0 61 38 54 21 84 42 59 62 76 43 28 77 78 44 64 48 16 46 23 12 79 74 51 30 9 40 8 1 67 26 63 95 68 18 27 82 25 31 33 24 32 93 69 17 86 49 4 83 97 70 37 58 45 99 89 11 88 22 10 29 90
TEST 138 ARG:24 85 73 74 17 93 33 55 54 28 3 81 40 63 95 87 21 75 88 62 29 58 6 70 38 50 46 56 79 22 77 0 65 12 5 15 2 84 44 91 67 90 37 1 42 43 68 51 26 36 18 11 60 39 89 30 99 14 34 97 9 94 82 64 57 98 86 59 10 80 8 61 76 71 48 69 13 41 78 4 31 72 66 16 96 92 45 25 32 49 27 35 7 53 19 23 47 52 83 20
TEST 139 ARG:80 21 72 3 7 96 2 81 15 98 52 56 45 91 28 54 84 48 32 69 53 46 74 92 12 9 85 89 27 67 19 37 8 31 90 79 26 36 49 34 55 44 4 51 71 33 97 43 25 23 30 29 62 39 40 76 68 41 75 94 64 16 0 95 18 14 87 42 38 13 65 24 99 86 83 5 61 17 58 50 73 57 6 1 11 20 70 47 78 63 88 10 82 77 93 66 60 35 59 22
TEST 140 ARG:5 95 67 58 79 87 53 24 64 88 17 82 81 59 4 69 23 0 26 91 12 50 40 66 35 46 62 85 61 92 32 56 21 96 2 9 15 97 3 33 71 90 20 42 68 98 47 84 89 83 29 63 25 37 43 11 39 73 16 27 72 80 36 31 41 19 99 86 38 44 78 75 76 70 14 1 60 51 93 49 10 30 13 28 7 65 45 55 74 34 18 48 22 57 77 6 52 8 94 54
TEST 141 ARG:89 23 56 54 39 73 37 70 32 45 17 19 43 90 12 60 44 58 98 53 26 35 57 40 91 62 34 9 75 94 14 68 20 49 42 71 97 41 15 50 77 33 95 66 76 18 83 5 51 82 63 27 36 47 86 85 61 38 8 48 87 81 30 88 16 25 79 4 29 22 80 24 99 31 59 13 0 69 7 74 92 64 46 67 65 78 11 6 3 10 93 21 1 52 2 96 55 84 28 72
TEST 142 ARG:78 14 66 80 60 36 4 2 5 38 31 47 76 89 69 70 77 90 19 46 13 51 58 26 65 32 27 7 37 72 0 62 84 71 22 24 16 23 44 21 99 93 25 15 28 74 92 81 95 54 73 49 97 33 35 43 40 85 17 39 50 41 1 34 59 96 79 48 91 29 87 9 63 10 55 45 82 86 12 98 3 61 42 67 75 18 30 57 20 52 64 94 56 8 6 83 68 53 11 88
TEST 143 ARG:84 20 80 17 0 61 41 64 57 50 72 19 46 48 51 74 14 69 25 18 88 70 30 81 91 60 78 2 68 96 26 83 55 45 32 15 62 10 77 71 79 87 4 66 21 82 6 29 65 1 22 95 59 90 52 47 38 54 58 53 75 67 37 92 16 13 98 27 5 8 89 43 85 35 76 63 40 7 12 99 94 11 24 23 73 42 44 49 86 93 31 56 9 36 97 3 28 33 34 39
TEST 144 ARG:90 42 54 6 45 15 0 66 62 10 70 18 89 85 39 83 51 95 81 37 12 29 68 41 69 21 79 1 55 5 57 61 63 73 16 2 4 56 82 34 53 84 19 43 24 32 72 91 7 33 22 26 77 52 50 9 92 40 36 23 93 35 48 59 8 14 96 17 46 25 87 76 20 44 99 67 38 11 27 94 47 31 28 64 98 71 88 13 86 65 58 74 30 3 78 60 97 80 49 75
TEST 145 ARG:66 73 16 3 99 71 23 32 42 60 64 76 4 51 87 40 28 43 61 50 44 84 13 34 92 72 2 1 95 57 29 86 80 37 53 91 9 46 39 96 20 7 10 17 5 41 93 31 12 14 6 8 26 59 78 18 69 27 24 62 68 54 81 77 19 56 35 25 36 74 33 30 98 22 94 21 70 52 89 90 45 79 55 83 11 65 82 0 67 63 85 48 47 88 38 58 97 15 75 49
TEST 146 ARG:93 47 55 26 77 11 69 2 81 6 86 29 92 23 56 78 16 53 63 79 8 68 99 89 73 96 18 65 52 32 25 31 22 12 98 85 97 5 54 7 19 91 75 88 24 67 57 36 74 34 30 9 33 17 44 1 15 48 66 40 80 90 28 70 76 61 58 46 49 3 64 51 94 20 50 45 14 72 38 84 27 10 43 39 71 95 35 37 42 82 83 21 62 59 0 87 41 13 60 4
TEST 147 ARG:18 78 6 59 41 30 47 76 43 64 21 16 9 99 19 44 10 91 68 82 35 94 75 52 8 85 65 34 70 55 7 87 48 56 29 86 54 13 33 22 4 97 83 14 38 53 46 73 32 77 26 49 17 66 58 1 24 79 63 25 88 93 36 3 96 15 90 95 51 11 31 42 92 89 61 71 28 39 72 57 27 37 45 84 74 50 0 81 67 62 2 40 5 12 80 60 69 98 20 23
TEST 148 ARG:37 80 99 10 17 45 26 70 73 28 89 11 96 42 93 88 29 35 77 81 95 75 51 9 21 92 16 98 65 87 2 30 67 38 31 84 15 36 27 68 82 18 49 66 39 58 90 1 48 20 52 19 97 59 60 12 22 41 3 23 79 78 25 62 85 7 34 47 8 24 56 5 74 50 76 57 72 71 86 91 63 61 54 64 14 40 43 46 33 44 6 32 55 53 69 94 13 83 4 0
TEST 149 ARG:93 82 43 18 48 70 83 79 87 7 56 94 53 57 92 33 26 6 59 78 2 13 32 58 50 51 39 71 55 97 11 96 46 20 21 14 42 76 17 44 62 72 30 65 16 80 88 4 1 64 77 3 91 54 73 84 41 36 8 19 45 67 95 28 69 63 27 10 60 5 99 23 47 0 81 38 98 34 25 68 61 89 24 37 90 75 52 15 31 86 49 9 29 12 74 22 35 85 40 66
TEST 150 ARG:89 54 3 79 33 83 68 13 34 22 52 97 58 90 45 15 35 69 95 20 8 84 92 50 41 62 4 99 82 12 87 96 86 21 24 29 70 81 14 72 77 26 48 76 91 31 43 7 80 27 75 44 2 28 6 55 40 39 98 18 78 46 36 10 19 61 66 65 25 16 53 38 67 0 94 93 71 37 47 1 85 23 32 63 60 42 17 64 11 5 56 9 49 88 59 51 74 30 57 73
TEST 151 ARG:6 11 18 93 9 54 74 22 47 60 31 72 35 32 36 97 38 69 50 65 57 59 77 73 21 79 23 28 56 42 30 92 95 94 66 90 0 68 86 44 55 12 26 43 7 89 20 10 87 24 64 16 71 84 3 61 81 5 88 53 27 96 75 34 2 82 15 49 1 33 45 76 52 17 46 25 63 78 51 8 85 40 37 4 14 99 62 80 70 91 29 98 83 39 13 19 48 67 58 41
TEST 152 ARG:18 30 23 49 22 27 66 45 28 82 31 17 76 92 44 36 19 80 50 6 85 14 2 72 51 89 39 15 78 94 16 20 40 1 10 87 60 93 74 83 86 41 69 88 64 11 95 56 0 42 73 5 46 52 47 4 55 61 48 33 53 25 32 38 71 77 58 59 65 68 21 67 35 81 8 26 62 34 96 84 54 24 98 63 97 12 29 57 90 79 7 75 91 43 3 9 13 70 37 99
TEST 153 ARG:10 93 50 98 96 74 6 70 18 78 84 36 24 90 67 95 13 73 16 80 57 25 69 5 60 4 9 20 76 91 41 71 63 22 37 79 68 46 38 56 8 45 15 44 32 35 31 17 54 97 43 66 72 30 2 99 87 92 0 77 12 55 59 42 48 33 3 26 21 75 51 7 88 52 64 83 82 34 58 65 19 89 47 49 14 61 53 11 28 27 94 85 1 39 23 81 62 29 86 40
TEST 154 ARG:75 28 38 18 37 7 64 73 80 63 93 92 42 49 3 50 35 96 61 16 82 59 39 44 32 8 27 29 26 14 53 9 17 2 1 91 55 52 88 74 23 97 58 33 51 98 69 76 66 78 87 86 60 70 83 89 40 67 72 43 21 15 31 79 34 6 57 45 95 68 48 22 0 25 30 20 24 84 90 77 10 62 71 81 4 56 99 65 19 5 41 94 46 11 54 47 36 13 12 85
TEST 155 ARG:12 42 64 25 33 44 97 24 10 49 27 21 0 91 4 59 13 60 2 89 84 86 40 95 88 83 72 23 17 74 67 92 76 98 20 99 35 61 94 85 71 48 93 31 32 57 16 29 28 96 41 66 47 8 34 77 58 39 19 26 63 11 7 1 37 78 70 69 52 75 79 9 73 38 68 53 45 50 15 51 55 82 46 22 56 14 87 90 18 36 62 3 5 54 81 80 65 6 43 30
TEST 156 ARG:46 26 66 57 40 84 41 63 28 31 54 19 48 60 7 13 14 97 37 42 2 32 72 90 71 70 67 75 12 16 92 10 8 27 53 62 11 69 9 68 33 76 22 55 85 77 87 80 35 52 15 73 4 1 20 43 88 61 96 93 24 83 78 56 29 21 98 50 95 17 0 38 36 86 74 81 82 25 23 6 94 91 45 65 79 51 99 5 30 89 3 59 47 44 49 58 18 64 39 34
TEST 157 ARG:99 72 0 48 12 32 65 8 75 1 90 86 66 14 49 81 44 93 60 34 16 57 36 23 95 35 61 50 73 39 78 59 37 2 3 41 82 15 96 62 52 87 63 20 11 67 69 29 43 84 58 54 83 25 79 18 85 80 74 17 51 24 71 7 97 5 21 94 70 26 88 92 22 6 89 10 76 38 31 68 27 28 91 56 53 9 55 64 4 45 30 46 98 77 47 19 40 42 13 33
TEST 158 ARG:4 18 15 92 16 56 27 79 87 8 77 12 66 31 14 22 97 28 75 2 1 61 72 38 70 25 89 62 83 40 57 48 35 69 65 91 42 34 55 80 82 86 85 60 36 21 5 81 0 46 76 10 98 39 29 44 52 74 17 88 68 41 95 84 43 96 58 33 59 45 3 78 37 32 50 20 47 49 90 94 7 19 64 23 53 26 54 71 93 24 30 73 6 9 63 67 11 51 99 13
TEST 159 ARG:64 17 26 4 45 90 44 93 89 68 42 5 11 99 96 47 2 58 33 40 1 34 83 24 36 49 31 86 10 7 46 35 73 6 41 84 85 28 20 12 48 92 27 0 71 23 55 98 19 56 78 66 8 63 30 3 62 97 53 69 70 59 74 29 18 38 76 37 15 25 67 61 77 16 57 51 94 72 75 9 65 88 50 22 32 80 13 52 79 21 60 39 14 87 43 81 54 91 82 95
TEST 160 ARG:99 36 80 52 61 16 50 4 44 35 42 23 1 14 83 79 55 51 34 22 30 82 6 19 15 5 98 92 64 47 91 63 62 7 78 74 68 18 85 77 13 20 49 95 43 97 58 84 40 54 89 57 81 0 2 70 56 94 29 90 41 25 60 8 75 87 28 69 73 53 38 67 46 76 32 59 37 27 71 66 88 86 65 93 39 26 10 12 31 72 17 9 21 11 48 33 96 24 3 45
TEST 161 ARG:53 51 96 69 91 1 4 70 47 43 50 30 56 12 13 82 26 8 60 57 46 74 9 86 81 11 14 89 0 41 48 68 20 24 37 84 16 71 75 23 18 83 39 87 44 25 33 49 73 52 15 99 7 27 95 40 36 98 21 88 55 17 3 42 90 10 72 2 32 76 85 5 94 6 59 22 93 35 45 97 34 79 78 19 31 77 61 66 65 64 67 54 62 28 63 58 29 38 92 80
TEST 162 ARG:64 23 89 82 4 1 34 24 97 46 93 16 49 37 87 76 33 70 54 92 63 40 0 22 18 73 52 77 62 5 96 66 35 48 67 38 9 51 91 13 21 32 17 90 85 41 74 10 99 50 42 39 59 61 53 75 12 43 69 25 29 81 47 8 19 45 56 83 31 72 3 6 88 57 44 65 95 84 79 80 15 94 68 14 86 11 36 98 27 7 60 58 20 55 26 2 30 78 28 71
TEST 163 ARG:71 24 76 90 95 42 81 77 23 2 10 22 60 91 5 92 70 39 84 3 58 17 46 97 36 56 6 0 47 94 85 20 1 43 38 67 30 41 13 35 29 31 61 75 66 69 12 49 62 15 26 50 18 27 98 11 82 14 53 16 73 99 59 96 45 79 28 48 89 9 19 7 57 68 63 83 4 74 51 21 40 87 64 52 78 33 54 32 88 65 86 55 72 25 80 34 37 44 8 93
TEST 164 ARG:41 56 52 65 76 31 66 43 23 94 45 2 73 13 25 12 46 70 72 83 63 71 59 88 64 17 67 36 47 99 84 82 97 28 22 38 81 54 27 5 58 74 24 7 69 19 89 78 20 32 4 18 92 50 79 55 57 3 68 29 85 42 98 77 80 11 53 26 34 61 8 87 16 93 44 1 51 40 75 33 37 14 62 48 35 91 90 21 30 96 39 6 0 95 86 10 49 9 15 60
TEST 165 ARG:74 66 18 82 25 40 22 73 79 12 55 36 14 54 33 57 85 19 69 47 83 20 95 17 39 70 84 34 97 50 59 29 43 80 56 2 89 42 13 86 31 77 76 87 92 75 10 51 88 0 30 46 53 61 15 98 45 62 24 67 41 60 96 9 3 4 48 78 99 68 11 21 37 58 81 64 32 23 71 35 72 7 44 8 93 49 94 52 38 5 6 16 1 65 27 28 26 63 90 91
TEST 166 ARG:53 1 31 98 3 40 39 94 32 26 37 33 49 95 42 58 18 52 48 20 63 84 89 41 34 75 74 27 30 38 21 67 28 11 47 46 51 72 25 66 93 85 23 16 50 12 97 99 35 45 71 80 91 61 17 29 83 19 69 79 64 56 65 87 59 78 92 76 54 0 6 2 62 77 43 81 60 82 8 36 73 15 96 10 24 70 4 86 7 55 88 44 14 57 13 9 5 90 22 68
TEST 167 ARG:18 79 75 7 49 93 71 70 85 15 81 97 42 66 99 77 17 13 5 78 94 46 32 34 21 23 64 36 27 58 72 80 96 61 24 40 91 98 83 22 3 45 73 2 62 56 55 38 87 68 8 1 39 31 86 52 67 57 92 74 37 53 50 88 14 44 33 11 84 76 26 12 82 6 48 41 60 43 90 25 4 89 28 0 35 63 20 9 59 47 10 95 30 54 16 29 65 69 51 19
TEST 168 ARG:58 0 14 90 6 47 17 93 69 21 2 19 75 73 23 50 20 26 35 9 79 16 84 5 10 15 44 46 32 85 98 49 40 22 95 92 78 1 42 86 28 82 12 94 8 48 27 51 45 18 34 54 59 43 24 62 80 60 88 87 3 74 99 41 25 70 53 97 66 4 83 96 38 89 30 76 77 63 7 57 81 72 71 37 67 64 13 55 52 11 39 36 31 61 33 56 68 29 65 91
TEST 169 ARG:27 50 8 88 92 56 29 72 83 5 26 57 25 22 82 69 94 63 67 93 16 37 66 80 65 68 1 78 64 13 44 97 74 40 6 35 12 89 51 31 87 62 41 47 77 15 76 20 7 91 14 54 42 70 85 43 28 58 23 60 48 79 52 53 33 32 39 9 0 3 90 95 11 38 81 99 75 71 61 19 18 46 2 59 34 24 21 49 73 84 86 96 4 10 98 17 55 45 30 36
TEST 170 ARG:89 34 90 14 84 1 20 41 11 49 29 57 51 77 62 73 60 30 88 54 13 70 82 86 5 56 48 61 37 64 9 36 8 18 27 58 4 35 94 22 28 25 15 3 98 67 55 16 52 93 26 0 45 63 42 24 21 80 65 69 32 92 79 38 74 6 87 95 76 53 97 31 66 71 47 72 75 85 59 78 68 81 99 39 33 19 40 46 44 96 10 91 83 12 43 2 17 23 7 50
TEST 171 ARG:52 1 94 70 89 96 9 62 2 48 38 16 82 56 91 4 3 71 99 10 75 32 44 58 77 8 59 25 93 66 49 57 14 65 24 36 72 46 74 84 87 88 22 63 95 11 80 33 43 18 83 31 76 55 27 15 19 68 40 54 0 45 50 35 23 29 78 60 42 6 69 61 34 81 64 26 30 97 17 20 5 67 47 37 7 28 73 98 53 92 79 90 41 85 12 86 21 51 39 13
TEST 172 ARG:16 1 91 89 5 51 34 73 86 67 75 35 92 36 39 85 96 10 6 77 54 47 27 83 3 40 0 78 2 72 21 44 28 82 9 31 59 63 76 37 88 65 11 80 94 19 12 98 33 18 66 15 13 81 24 17 49 8 87 29 93 14 62 48 57 74 30 53 42 46 79 95 70 4 69 99 60 38 22 45 84 23 68 41 43 26 50 25 97 61 64 56 90 52 20 7 55 71 32 58
TEST 173 ARG:73 76 64 89 86 50 81 78 80 88 22 59 93 29 54 2 75 90 21 79 58 7 34 40 25 56 94 30 36 45 18 70 91 83 49 17 1 32 41 52 99 48 38 43 26 53 23 6 14 15 62 35 67 66 31 65 71 82 87 4 19 44 96 46 98 72 69 97 92 63 27 8 57 61 37 55 0 77 95 13 33 28 12 11 20 9 39 47 3 84 85 74 5 42 68 10 51 24 60 16
TEST 174 ARG:42 18 69 61 15 40 31 3 90 81 28 73 55 46 43 70 12 39 75 78 19 97 93 23 54 13 86 72 74 83 98 34 85 76 45 49 14 64 41 77 63 51 16 2 99 48 44 4 56 52 71 36 66 58 68 20 9 35 91 10 60 7 95 62 53 38 30 80 96 22 27 65 11 21 67 59 47 8 5 37 33 29 87 32 26 0 92 24 94 84 88 82 25 1 89 6 50 57 79 17
TEST 175 ARG:47 40 52 28 9 3 93 49 97 84 8 41 70 89 19 62 39 71 96 86 94 77 33 67 6 30 90 99 83 76 31 61 60 56 51 45 38 43 87 5 85 63 22 20 54 64 58 73 98 37 46 68 80 11 88 53 0 95 4 32 92 81 75 13 1 74 57 26 27 91 29 24 10 21 17 66 78 48 42 50 65 34 55 25 36 2 44 7 16 82 35 59 72 12 15 23 69 18 14 79
TEST 176 ARG:84 61 43 0 62 65 36 7 72 18 98 49 8 52 90 3 73 54 26 56 1 67 34 80 70 38 30 69 11 14 71 88 47 93 74 21 86 44 27 53 45 48 6 75 94 42 97 5 29 60 24 66 82 37 40 79 77 85 13 63 20 59 46 22 15 12 9 57 78 4 39 23 99 68 41 89 96 2 92 16 10 17 50 32 64 83 25 33 87 95 35 19 58 76 51 28 31 81 55 91
TEST 177 ARG:47 40 90 1 97 74 75 23 16 25 15 61 28 50 93 57 79 45 88 85 11 8 54 49 96 29 34 0 19 17 41 89 78 30 42 82 72 73 86 58 64 76 37 5 69 4 84 77 67 65 20 27 55 22 18 99 7 39 14 56 2 63 24 92 94 32 68 91 6 87 9 3 95 36 52 70 83 48 13 59 38 51 62 31 80 98 53 66 12 71 10 35 33 46 21 26 81 60 43 44
TEST 178 ARG:75 57 60 56 92 6 91 89 61 88 32 81 86 72 12 71 98 53 9 8 82 14 16 51 10 33 38 42 96 29 24 15 22 2 83 77 54 52 7 49 43 47 45 65 19 87 62 5 69 18 21 30 37 55 68 27 76 17 84 0 97 64 90 35 50 99 48 34 94 25 70 41 80 39 59 66 23 31 63 67 11 28 95 26 58 79 74 40 13 1 73 4 93 3 20 78 36 44 85 46
TEST 179 ARG:72 57 74 71 99 9 4 92 39 53 66 5 0 23 35 12 87 19 24 8 42 47 73 81 67 76 96 2 85 6 41 49 29 30 90 65 83 18 32 17 58 33 37 63 51 20 28 93 44 97 95 36 50 43 64 79 88 16 59 68 7 15 22 21 46 3 82 48 89 26 54 1 14 91 80 38 78 84 27 69 13 77 70 94 60 98 75 40 86 62 34 52 11 31 45 61 55 25 56 10
TEST 180 ARG:70 84 30 36 53 49 16 92 90 23 58 51 46 65 3 34 69 26 10 80 39 68 35 4 78 8 85 27 48 25 59 20 56 82 77 67 43 76 52 41 31 54 94 50 42 1 97 66 19 12 62 28 96 93 47 83 75 0 37 88 9 45 72 64 32 63 79 98 61 86 71 60 73 18 87 29 22 17 5 21 24 7 6 55 99 91 38 33 74 89 44 40 11 13 95 2 14 81 15 57
TEST 181 ARG:80 32 18 72 41 81 53 29 24 51 79 68 62 26 2 76 36 20 95 97 74 49 30 17 4 38 8 23 94 77 92 34 39 63 65 73 56 66 91 84 40 35 87 43 54 78 1 75 93 48 37 3 57 25 45 47 55 12 15 82 99 10 31 0 6 27 11 50 89 46 42 59 71 7 70 96 16 19 98 9 67 90 69 14 60 58 22 61 5 64 21 28 83 85 88 86 33 13 52 44
TEST 182 ARG:38 59 45 55 16 72 41 12 33 95 69 34 68 7 52 76 27 61 21 90 70 14 83 11 3 96 17 28 86 15 0 42 8 99 62 67 49 85 22 75 6 65 13 84 48 25 4 10 97 63 73 58 46 74 87 78 71 40 94 2 53 26 32 57 89 23 82 31 50 35 54 19 98 9 37 24 79 20 77 36 66 60 92 18 5 43 51 47 1 39 93 30 29 80 91 44 56 88 81 64
TEST 183 ARG:94 83 8 68 28 56 71 3 78 63 33 41 19 57 1 36 76 22 7 81 72 70 20 46 25 17 26 61 39 55 40 32 86 93 90 65 14 49 44 53 48 34 5 60 66 85 98 73 87 23 11 15 91 21 54 77 74 97 0 37 82 89 58 6 4 52 59 69 47 75 45 79 96 92 38 51 10 50 30 67 16 99 18 88 13 42 64 43 95 29 9 62 80 2 31 27 24 35 84 12
TEST 184 ARG:50 15 12 92 2 29 33 3 39 45 52 64 36 80 63 98 21 79 83 37 42 59 90 73 81 93 8 22 11 40 60 87 69 91 24 54 65 82 14 9 38 61 6 0 99 44 28 41 23 62 26 66 4 76 43 32 10 77 72 25 75 94 71 74 55 56 78 46 85 31 35 1 86 34 67 49 20 57 5 68 89 47 96 7 88 70 30 48 53 19 16 97 13 18 27 84 17 51 58 95
TEST 185 ARG:11 47 4 53 7 34 28 96 59 70 98 29 33 27 89 80 3 1 88 87 69 77 6 18 19 97 38 43 81 52 12 20 95 8 5 35 16 30 61 24 39 99 62 40 78 55 17 82 75 60 22 51 49 67 36 76 37 50 83 21 25 15 73 90 66 45 64 41 85 31 68 86 92 23 63 74 2 57 54 71 32 58 42 91 10 46 14 48 65 72 44 0 26 84 13 79 9 94 93 56
TEST 186 ARG:85 31 41 78 3 29 58 76 88 7 32 36 45 60 13 53 23 96 1 54 42 72 37 34 56 30 84 99 44 71 73 64 52 95 79 35 22 21 28 2 5 46 49 63 10 90 77 83 57 48 68 43 67 65 19 11 97 94 55 0 75 4 16 62 9 8 14 39 93 38 82 17 47 61 18 80 20 89 66 86 40 33 25 91 50 6 69 98 12 81 92 26 51 87 59 27 24 15 74 70
TEST 187 ARG:97 54 86 7 85 93 82 64 14 72 49 39 29 98 18 60 20 6 4 79 34 43 83 69 90 35 1 92 26 99 37 88 76 53 65 44 13 63 70 45 42 59 96 50 24 8 9 68 23 3 28 27 31 62 94 74 19 71 61 95 73 40 41 57 33 30 77 89 10 11 67 32 55 21 52 91 15 75 0 80 51 78 56 81 17 22 12 2 46 38 84 25 36 58 87 5 47 16 48 66
TEST 188 ARG:5 43 19 57 66 46 82 68 89 48 15 42 79 67 88 63 22 40 1 75 12 90 14 47 31 13 55 17 27 74 20 53 85 58 65 52 51 41 32 98 16 10 26 37 7 81 87 30 91 80 18 71 70 38 61 21 73 59 64 3 25 9 78 77 54 99 97 60 95 35 2 92 6 34 0 72 28 33 84 8 4 11 69 24 96 49 23 86 76 29 93 45 50 83 36 39 56 44 62 94
TEST 189 ARG:34 72 21 24 45 97 4 39 90 49 80 17 47 55 12 41 11 8 23 54 27 69 82 42 65 84 66 53 81 75 76 0 60 63 85 15 86 25 64 70 38 16 26 96 79 9 37 29 71 40 73 6 58 67 50 59 5 87 77 7 22 1 91 88 51 94 19 78 36 10 57 93 44 33 61 14 92 3 13 48 56 52 20 62 89 32 2 43 18 74 95 28 99 83 31 35 68 30 46 98
TEST 190 ARG:19 54 44 76 49 83 60 42 40 16 29 33 86 91 88 95 70 12 79 46 26 64 65 9 15 14 38 61 18 53 90 72 22 31 77 1 89 74 20 21 93 99 36 52 81 80 0 35 85 11 27 92 10 56 98 24 30 59 66 5 73 13 87 17 51 39 23 68 43 82 58 34 45 8 7 32 48 62 75 2 67 55 71 63 41 47 25 69 57 3 28 50 96 6 4 84 37 97 94 78
TEST 191 ARG:82 61 57 92 64 16 89 25 83 39 22 69 94 88 28 71 40 78 84 12 48 27 13 24 11 49 37 31 97 67 38 80 7 19 36 63 18 65 96 44 56 46 29 54 35 15 14 43 0 86 90 76 73 55 77 8 51 4 98 30 91 17 1 75 5 72 62 60 59 85 53 70 2 68 34 3 26 87 81 58 47 33 42 74 10 79 66 50 6 23 20 45 21 9 93 99 95 41 52 32
TEST 192 ARG:21 16 35 59 67 94 39 47 4 28 43 17 70 0 78 72 68 46 42 22 37 73 95 12 71 90 30 83 9 25 50 64 11 33 84 62 45 18 77 3 40 34 61 49 23 91 93 60 98 10 53 97 52 13 65 15 81 36 51 82 99 79 88 75 63 44 87 89 2 80 92 56 8 6 1 38 69 85 14 31 27 57 19 32 48 24 66 5 74 29 55 7 41 86 76 20 26 58 54 96
TEST 193 ARG:3 44 17 89 37 1 82 98 61 94 14 23 49 42 39 80 5 59 16 81 86 30 75 28 51 6 95 33 92 9 47 18 78 29 50 77 41 57 85 12 35 65 31 20 36 69 45 24 4 40 70 43 53 73 88 56 22 76 66 68 84 7 91 13 38 60 26 0 32 83 90 74 72 48 71 58 93 87 21 8 67 64 11 99 25 79 27 97 15 2 19 55 54 52 96 10 63 62 46 34
TEST 194 ARG:6 13 11 23 71 86 4 91 60 15 48 43 81 89 37 18 41 76 99 80 12 62 51 94 50 57 32 75 55 25 96 73 85 82 30 93 70 16 28 17 61 65 87 34 14 84 22 72 33 9 97 44 8 3 1 10 46 52 21 67 38 69 20 56 40 78 64 90 0 24 79 35 31 39 74 45 2 58 95 63 98 83 59 36 29 68 42 19 27 77 26 5 66 47 7 49 92 54 88 53
TEST 195 ARG:68 71 56 54 63 94 3 51 82 31 77 89 40 92 25 43 11 99 83 8 32 87 81 18 1 60 88 75 53 79 21 0 69 20 30 4 38 41 44 67 12 34 10 33 74 90 58 80 96 85 91 50 39 66 13 47 26 72 29 55 62 45 70 73 36 7 19 17 2 59 24 98 22 46 57 5 16 86 61 76 64 28 23 65 93 49 9 52 27 6 48 78 15 97 84 35 95 37 42 14
TEST 196 ARG:65 0 90 29 41 27 13 97 20 39 51 63 45 81 1 5 85 11 6 26 98 42 74 24 53 19 18 66 23 95 84 3 73 37 62 7 55 52 21 12 67 89 93 86 91 60 28 50 82 83 49 76 4 31 46 61 36 34 58 94 17 75 47 32 88 92 44 48 80 68 56 99 10 87 22 25 69 43 54 96 72 15 33 35 78 64 59 30 38 16 57 8 2 77 9 71 40 70 14 79
TEST 197 ARG:17 84 29 70 3 30 43 41 65 68 38 61 81 92 89 27 59 88 16 82 13 87 94 63 78 22 57 23 51 60 36 6 10 7 76 35 45 52 72 75 80 9 93 0 46 26 85 18 20 62 99 32 11 67 54 77 74 12 48 83 14 1 15 39 90 56 55 44 66 98 4 50 96 49 42 69 40 5 28 95 25 73 58 21 19 47 8 79 2 34 24 86 64 53 31 37 91 33 71 97
TEST 198 ARG:43 9 55 15 8 62 96 39 35 53 11 5 97 99 66 6 67 45 31 76 92 60 26 24 17 23 88 63 95 91 93 38 72 69 75 58 4 44 46 30 3 98 80 16 47 74 40 48 34 84 27 1 83 41 12 29 70 85 90 82 86 0 94 20 36 49 64 54 32 65 22 7 14 42 25 87 21 13 57 68 61 50 78 18 37 51 81 77 71 2 79 73 52 56 59 10 89 33 28 19
TEST 199 ARG:22 86 36 26 73 5 47 2 4 1 65 83 19 52 51 82 24 53 68 0 18 12 61 69 88 23 48 78 63 40 14 6 56 43 71 84 11 27 20 55 98 57 41 87 39 45 3 80 16 38 28 37 21 77 95 7 59 42 50 99 13 49 30 46 75 96 72 17 76 85 44 54 34 33 64 81 9 66 97 91 35 79 60 15 70 31 89 74 8 58 94 93 67 32 62 92 90 29 25 10
TEST 200 ARG:33 48 99 36 15 12 20 25 89 17 45 91 34 98 66 19 46 22 9 41 2 77 87 40 65 96 8 53 81 92 75 72 79 16 44 58 84 14 38 88 64 31 49 94 57 18 39 86 69 1 21 6 52 56 24 0 23 7 74 54 67 97 82 29 26 68 11 27 90 70 76 55 50 5 63 85 83 42 62 28 59 4 78 30 32 47 60 10 73 93 3 80 95 37 71 35 43 13 51 61
TEST 201 ARG:26 48 41 66 62 3 60 35 25 51 15 5 44 6 47 20 80 18 76 17 75 29 32 52 72 78 30 67 11 8 97 22 91 94 99 23 73 40 2 69 63 95 4 82 98 64 93 9 53 71 13 49 0 21 14 61 24 43 19 59 96 28 45 54 58 87 83 90 81 77 36 50 88 27 7 56 84 39 42 74 70 37 55 12 65 85 92 1 86 10 33 31 57 38 34 89 16 46 79 68
Multible size <= 500
